10898010
40697689
17969700
11585935
56867782
94870286
57320958
15980194
52232342
94233028
25088768
69832383
47802048
69877434
16575446
81657437
28357271
35617426
65583495
78854997
19048562
15979202
47838543
45139355
52635326
25934034
98051398
22656224
29197783
63263466
47506085
13116720
64309615
43440106
66687705
99518763
29401379
86907590
66444719
70352052
36373129
66677178
72636010
84311531
57482803
60681714
34486144
90716180
34521859
76548256
63573537
81106258
92615869
42602338
50537810
96073908
32970117
65696988
65001681
40835046
56214199
13017923
52498197
76083174
96495775
57300500
91736166
33863675
99404470
11529714
67142947
45251892
48752889
27824946
99699808
90196324
60923819
86037450
42834948
44257867
76581749
26364789
48338028
98593249
95707811
95740273
25975529
50776198
42375188
30852655
47505904
68858260
83064297
60505737
67520718
61208671
33937045
72399341
51437921
55391580
19624949
49242337
42114939
57682708
71901238
80981927
56733481
30275747
23053897
69713084
65439516
71083646
38859208
13437033
14303516
29745434
46336652
42789949
87048460
46548836
17902529
14214296
25331809
15280939
66567871
87228882
53907944
50612442
37760270
62874110
17602688
94927413
50133863
62197053
84872940
24772435
87436744
98811569
53839077
57901121
60371540
53647597
16471229
94091220
19858081
81248268
98905405
87148618
66262217
18126246
54996008
50713754
62744588
41702975
30021600
48160296
41066471
75036502
95098244
27625596
73922244
32609150
64703429
95956681
95193079
29749557
36912704
20693253
44904717
36467561
90416356
24016538
54626988
62058138
70606570
28219952
58992743
19299354
98203945
59547815
94123569
74627805
51179596
75955590
36306883
71904619
54337829
78406415
74107001
65965473
41324528
34028393
93698259
53021919
77489219
69896535
52063672
35439917
98631595
41560894
96515868
90333729
98721741
19084935
42688676
36717934
55355880
70441422
36797359
94721359
36231055
70089522
44410946
59692338
92150340
73204566
86954715
94454168
84061618
34341111
39317452
23033852
83190195
79447262
27482884
40661141
14090054
33043361
17545846
81435070
40610698
41704802
28371985
52363737
46234957
43092407
91966332
51861552
97619853
29162623
89862737
38041911
73798855
11166834
53036076
36902851
48384936
52881364
39240810
63761950
42248549
85012054
33847053
90140947
41865390
37597521
62943864
59131986
60030833
91118321
87141733
67848448
94399682
76628963
78704412
22967889
79954120
48415165
68097965
94350519
96734060
52794007
42755320
27416628
81855568
85896837
34701898
11177069
89549907
58496918
98611111
84776807
25400575
11327465
53004907
51046297
42622761
19178482
74605521
37236107
61446899
67255098
21399061
70516616
75862861
76070856
52092146
54510154
97573113
62374550
71667018
91415225
48821542
65176327
69787482
51733573
87108888
69523465
48107213
39888904
17945174
36323135
10386972
55723830
19602950
89697266
32558001
58410835
35038050
44471538
89500455
81451168
46107989
45768405
42126032
12350991
63340319
12321555
80842836
92827604
88795984
83072002
75366990
86055336
78212246
97038417
84564601
92669983
33834443
19195772
95994926
81802985
92603328
42130187
83428119
39945210
63125515
67582065
81268443
13556921
98850202
58710579
10588758
80826628
62711474
15259330
32031810
97951379
37566596
90811812
78130677
66405364
36583084
27582097
14206674
92985278
69456038
16865344
35169118
63528341
42256808
23305851
90772884
76878338
12568043
80047814
48824306
31434768
51398041
26403405
66201693
39270327
67785869
42745835
68964541
56149920
71539752
77768374
28053309
92987947
76903898
55836981
62571184
83485188
88212222
83212068
33436471
75549274
68552537
87538436
54583412
83135802
70457714
30207245
83547044
11042071
13927644
20197582
56467075
93572140
47483644
89609750
97880902
85909659
53177478
87621484
22168057
61592880
38019430
68160145
11722771
85842136
49407261
80402430
83318453
96236580
35166159
36548394
52974530
46950059
88992860
70062959
40131309
72097310
20741757
24881516
95158631
95430409
43747806
38105140
85203073
11989945
12743547
22865181
57029540
77282937
90400395
77764281
60752464
40698445
59962752
30352027
34542416
18322455
18013710
92815603
48866415
76437623
43863253
64494884
26343364
42281658
71671102
85322355
86026802
13350772
47895307
42085343
66561676
54715253
49368054
32652736
68807195
56362580
72161660
58566804
18848871
83501139
92597534
83252591
88250054
50883906
37605764
69960101
68539051
16657259
60932172
77925423
57710364
42629180
41502685
90295278
18218683
68357910
49928606
97777626
14577699
66527834
95782424
71450705
52881593
70658676
87050096
35904137
53439524
60580147
88714846
30717458
69038829
39494268
36652683
77029469
27213910
49404793
63365174
45780519
17147264
11708831
52725436
70717723
42411875
35913466
44939820
51757961
62959765
11308590
55728662
63874642
38111578
18877839
60061049
63763933
25902291
36864868
41681818
30050642
51388966
88751830
47365211
15861332
25117246
47930474
46552872
65754743
71952649
87259607
43623845
21311066
77268166
45170174
74835294
29724605
69190710
62275447
41925359
23972470
37635217
49149543
79858535
87259087
62877831
52827747
13054703
14885643
36703212
79154884
10747282
38643348
50358653
55272342
72398429
95632628
14631096
28629824
53799312
59183539
97299110
59841311
96955299
55520357
33424394
19867056
36019645
41272939
61735223
80034895
70342374
99793204
22143374
27778032
11725410
77053992
45456235
11989665
80713895
32920033
90625575
63877957
81393417
30980233
71666896
19592851
16871826
14830416
55800682
70237260
75100096
31021931
83300111
40117791
88426125
56569105
90523772
77407136
69879502
52283068
24419120
72179718
81695066
19742525
54847065
70389835
18953543
49567546
26225564
37224498
32095888
92334944
12315070
75403464
86851173
80787239
36661406
42442795
51284667
16492579
71780107
26519738
96179779
89717719
49860827
40157300
35258214
11501451
92142233
31054267
21254877
17371876
28824532
32806246
86126030
45329194
75787725
93035994
13244626
64738319
68650331
75059257
97779587
17733694
39550852
87604910
92082899
56964561
15840969
36086314
89894751
35070638
92809178
25555626
62349341
85736003
80629837
54217116
69253853
79952211
86974544
69788640
65079446
56094071
29398447
68676852
36669650
38445997
89577889
22740075
75576931
69066790
84466603
41662574
49173459
16180946
65025141
93304116
83762878
30162811
45073647
82069291
99986765
41312720
36125997
96279666
67391138
54680247
12096326
40809586
75935788
23832434
25701946
75774578
68843173
74124192
53711201
84053020
95690356
50456087
96395842
40214458
48222790
83816297
59176979
62230073
10678725
15660304
97229870
43701487
11553067
74235970
15388986
42426010
63997573
37355094
89003272
80296602
43361479
34082411
73310324
54718743
33886816
62766890
70467068
76187432
53504359
13365884
68424810
70423794
67919709
84252390
31645547
37358897
69781890
43230719
69877399
59619325
26135675
50260298
63511146
94025946
43593428
30108243
97809348
33766482
12432038
50599805
54319368
50981330
33254899
12464402
87349134
69650121
41132650
85570336
42249076
12551713
86125130
26736544
89998444
45644206
98123641
93799698
48919978
54076935
63272472
50532520
75376040
25867568
22912657
59779414
45863642
81823833
28012712
31639743
59956020
19118040
40411079
90347778
61252194
95835011
25269130
47127095
94124817
68503144
41532602
29064446
81922907
24833463
33285841
76089190
87636529
73137490
26288908
61335819
52279406
41570072
60629102
90454375
91060607
56515009
50994133
79942711
55718716
29300182
86863282
97121436
51968765
73962609
70486591
24713550
31801594
37838371
82273995
88590933
81473093
19084201
33630602
41982829
50099302
47640813
68596161
75819943
39730475
42046536
59896135
69557428
72261597
35100712
80300150
61987146
26995469
30606926
73433591
13392412
50717409
29668644
84680972
86856693
56066471
85116985
54036820
61463961
20424084
65904730
96166018
17123724
66168760
70361379
12723871
60246774
84333691
14628456
46492305
92072860
67742245
53957565
18191559
20050607
13495968
56109803
28510037
20945851
61342811
29463109
14830215
68507558
60242279
22759559
94686909
80073670
93634854
34940158
32138138
32803011
59257444
49778671
27294070
28090416
39384020
46177590
92880131
29234936
56440450
19250755
31302218
17204864
72033387
37843850
95042497
14284919
41189493
61360247
64536529
70437589
90956776
37898194
93769294
79795294
11758447
79218892
66121369
96070195
25977275
66687122
68084891
12004124
29316223
72438461
49416420
42101780
73704959
57731055
85673871
49901856
51695715
36379010
25609170
53418788
22373140
16446460
75542510
53286250
21628155
68812918
65815837
21655502
35687636
28724131
55188870
50543689
16497436
72858693
18370063
15000472
11662237
14393800
83771361
21027462
60107631
17599703
47763347
80210077
61679944
86536620
63289975
49110966
76500183
31969693
67497186
60299852
59873758
16613950
58447821
50612690
36831691
70167538
88011867
18392207
77252799
81115106
98831131
65317243
83703012
44613021
59570276
79460185
25648638
75623121
93774616
69507394
76266758
85009620
33206106
76747978
72463875
18780517
33539305
29670772
69555599
13815481
29921808
54758591
32697593
52662031
42515199
13455959
62559849
53556674
32578337
84384611
56136255
57598404
17931831
21261236
12869714
78709961
10018634
49471089
44185693
53411798
51957120
16564075
40220431
53235696
75250211
27101234
56692733
35736166
54188046
37341196
19062118
34315934
89458317
33224409
63590255
94635526
27870713
78762282
78038593
11693205
99832637
33102395
56225806
24686197
94688094
55205001
23303373
84490309
15668421
34487883
44746960
94645764
68700284
20652985
30493569
61734654
16757685
34205303
31521494
91611253
19052974
36067715
26977087
78828539
60224175
73605505
75801999
66899764
11921614
41675480
87424618
52939771
94828810
78763196
45527132
13239532
63641233
18169236
77700835
94997841
38631410
27376734
39833661
22651888
13006160
85279225
27043299
32224195
67276309
29150374
12264369
34473676
77866773
85621021
99426083
39952356
42225635
44042582
66730434
81316346
91947430
89292055
73049978
64397005
32601544
36821685
52659477
96946136
44122383
91801106
40420707
92251078
19133064
84116513
67089681
12622594
42848714
94885158
63078730
44289347
53217966
33351030
13618908
85658300
27911838
80868332
48253440
98893187
71409896
17970548
76468216
60432711
29967187
53378372
17505274
47376142
72710751
39251315
79921809
50088387
46773786
38763004
31000766
30720347
37310632
24656292
52861886
62759177
69133611
42393635
98162877
45034109
20491944
62639106
93946930
82686753
40589192
32384626
64263476
25696758
93869478
66396501
50966868
29862310
41637104
19165113
23010726
48473586
51376515
67333892
23605135
25252329
82707823
60719241
35434075
55518823
19483654
97708299
87269602
50472307
95315668
67090468
93067326
17362374
27074537
24188308
33359211
72817805
85788843
30399441
57931935
14047996
70731383
50745325
17389398
61744279
96937757
61149421
31890919
15105044
95103531
10908111
12948909
84419390
25431240
96133489
49719872
96685763
82552773
30683452
71625854
77058485
48609335
31561284
91779780
64071324
52692262
73822077
20218525
29730572
62276578
26749294
55443968
54858458
47060927
72055042
85864470
16642461
42285491
73814267
29066771
96209021
82716430
46717566
13700300
60513883
83282165
80678889
44947919
56315639
20986246
94476081
48006057
66146915
22970230
70217172
68503545
70009376
25247237
28520732
71179923
14885743
80376849
84647528
94620409
23676341
29047814
22794968
14427502
32307285
77362458
24874738
43635519
84300719
92168028
32187825
48911790
48341903
20490048
36676191
86813412
62520972
14167490
35331571
62508555
56206041
25281020
75562797
14221352
21085952
15730204
79464697
91347892
60850748
16501403
36544287
28089082
60806899
21128185
89246547
95693117
59461239
11103789
85431809
89851123
87653690
71497231
33556074
76643723
13592445
53620051
47444046
51537136
36940123
35782803
16510625
91586850
21089264
69613389
66187821
13297271
97960023
38032708
33588738
30016528
27343009
49956094
78128697
83233098
18145387
76068861
44914500
78826364
78477083
34242460
18211431
55928125
37541749
38621535
15355399
23917064
97712480
15691001
15045263
30226110
41995791
98343044
62870131
69063453
54739985
84032800
61631360
45427328
13531881
74541043
72408305
85488066
31205749
41222363
68055846
84099330
90264334
76140062
26778385
37364994
40383074
87889322
29567780
45422949
82505753
96855547
20486130
13095594
26861283
42978069
76336012
81823346
35511712
91600940
54566220
37890018
62424810
63665064
46214840
37382215
45419255
13447513
40991552
26371760
23468319
82063935
19750125
11493847
74980131
54415707
82094109
14273498
49265956
32519463
95717395
96082238
87373852
69714557
30314469
11489146
20136130
49479131
52736839
16692490
90741421
70150367
74390421
25187868
47812707
50593194
68635976
41977644
13331856
33389587
27050252
57491458
26885134
65739835
54656906
99229356
42830272
71568134
84489734
93766916
61171856
48646824
88004153
63926331
99806505
93718149
86616341
43727067
50131928
93798503
89535600
82273108
93252902
19973903
10768502
48554112
29205242
37677102
45319963
42770918
19663488
75909087
78124999
61300972
38205605
58611965
21988410
14305346
24476580
47528514
43156097
27371441
86858353
83709659
38423319
19833826
14232825
34044555
70874214
60582182
62493858
82040362
15683401
75315570
80255972
13771415
54908344
94235925
91305874
79444324
97851703
19517572
42282932
88563584
47426582
88056290
62327603
57198732
23086632
46934773
10299553
50889048
60671334
22483194
47041803
15510818
51263862
27112863
55429669
79100880
14990060
68808614
46775338
73767259
60588963
53371588
42490862
30560657
85006819
34360821
30609992
62021771
60369833
19919636
40843275
19229714
39046486
45812476
39244699
48858042
35967650
21239042
39815622
49584732
19299824
19003445
77526138
95961034
49461805
73743431
98093961
43544420
18081455
35620880
28362534
71511147
17154723
81636285
88702328
39619837
55583391
95064609
35001321
93607032
68098709
74618495
97986306
57885812
53641371
90565328
55698645
57590758
42044703
66892195
27313189
10506222
51851587
63818896
54625780
18185376
24846673
51207802
71746636
74056227
48391229
95410810
14171892
24319394
62786738
64736223
57081500
11568229
88919035
72764202
43993756
67085468
41364784
55629431
71827524
75136547
44453173
12145630
47893195
42825736
52555541
76692422
41788875
29423827
79776380
61388802
36712876
87136763
48555418
33785707
66774493
20635045
29699051
98766228
73875220
56196632
31715857
59190088
18433615
51111795
98174205
91159974
76983528
70930123
41232522
30401955
34676771
10013192
45760286
12391954
94050983
43164777
20522826
30956514
62249568
80938331
21110477
89328497
87278014
48799274
45831633
60758480
31875936
13534526
40050974
89883709
56887930
16941807
12023559
99210745
12232770
95085472
56146830
66190883
27510672
35331381
97202242
75244710
59334336
69713274
55516897
97255479
73714391
46702443
57513217
93165926
50336663
56745139
64460631
11719879
85874955
25586084
90783977
50885668
53310328
14307233
19162787
13437011
13844038
85947634
67647002
72278657
63525278
81062051
19071397
12048732
63946030
10538112
62252638
81790104
70700067
23217555
99482662
19926063
40980358
14757689
46558954
15860708
31347486
48424714
65129342
15175659
84897887
53072125
12550777
46682246
51711290
25367861
21202349
75067693
31062164
11283745
17263624
36067534
80481386
48717346
24890696
39431367
63715109
95072363
54466278
58642993
57899892
75437393
14321835
30350607
84448301
77762438
59140372
78333254
25024202
35455173
44453775
83803056
40201031
21073659
85942870
57366571
84113869
72562806
97643332
40989388
70372481
56208004
62661301
71505263
79259707
37130220
64367079
30560645
73584710
45823242
21241129
96601579
28945382
29587892
11599276
79307403
16140640
33247444
32150429
36416685
59575344
73205764
47722796
67767217
41113940
27364517
31848687
32968940
68431889
90259574
27463876
58355157
90490929
93074850
18418879
77634943
15347280
46487820
21320496
35584926
17533362
24063761
38422909
16468571
91409120
23601969
47726901
65073299
49452827
57843305
15944973
86463368
87136658
98268002
37164647
72215958
91599444
85984492
11691836
93117416
84012051
21651377
95197262
79434649
87627674
62138397
81660759
57951762
99638909
88724942
52570202
16420749
60198110
22528245
56793437
34093484
63511991
34093529
38913030
56638848
51811614
65002090
32294647
28656355
59453696
48962634
41109730
93060363
44883118
44228464
47054927
28773687
33559680
63406075
45798095
59990633
71800690
60552354
28427022
21739737
26886678
12299350
78419329
33967959
62750449
76559699
29819208
14284455
66155939
55286170
28420013
32679325
66539079
20930274
33571027
61703660
81571054
30527521
15683927
61395663
21550002
14454340
56435172
41363833
25245505
92345137
45657799
71375574
73156407
30936377
78432250
21771342
22830699
90164835
23097923
40285817
69865264
98290833
89226899
54226558
27614589
21045295
52499816
76692220
78605192
76245935
59136303
58351401
20685323
67930874
56206962
10294667
31916853
62504813
97192037
99550334
63094746
97223819
53976150
24510843
29194519
24620803
93704285
15913969
30117662
98301135
97306217
61370845
12249394
67033413
35014320
42856766
20564456
25106645
48735050
67673753
66366843
32707944
18328026
13759654
14945803
46078598
10400020
78220079
13965153
20992279
62403621
55800341
11250529
30890199
65059207
41584964
15475956
48857131
19076795
91263237
51016274
55423971
47685891
79567455
48816643
16836882
88122995
60546343
76737943
17652187
21386544
33329302
27979441
56139007
15197935
47581755
29136541
44714957
44979305
26172077
72115725
18162748
47582219
96041535
17590952
18309064
51916167
11840408
41325703
26432711
32294962
80369535
67160754
53257678
17163254
51705668
18597418
12355341
45949657
52871605
79669593
94831376
88397699
50674867
11256255
43706331
31828616
83776378
86896629
71170099
76213344
76164935
44214436
90454059
77884644
18457481
16159654
77953606
10113025
73357085
45274324
92184268
78742327
80066012
42183471
81966940
11298286
83548379
47440207
40370951
20868117
20523718
43541761
89664426
36912538
22187277
56529716
14953329
77835962
91884486
62224412
99414051
70489578
28085089
94702491
95750439
10045423
69511010
54233735
56489412
54189957
91506278
77641423
59251298
18895253
90142810
43138124
41647422
94779393
62138050
97946565
28492703
73466743
44909256
88199150
14514143
41717722
17669436
34798188
71444325
96999455
52686442
28824448
45115169
64666918
83756855
72003417
85458897
22449860
38398649
44168176
69335230
36971110
23847532
34681487
69595516
95632578
98094478
95979357
77804734
61066280
88104747
86995969
15267115
79399171
86084040
48166571
56779532
39597545
54487808
28835039
34244345
94066739
74723466
75888487
43991205
25704293
86506988
38684397
80892583
13554533
36439060
50672007
25153069
59210350
63257470
36164558
90105101
23574366
39905850
65346994
82304447
46352607
14229488
91853096
37619749
32049104
70974342
86749514
34912633
30932196
62519765
87185707
54083566
26048256
99736426
46290415
32601191
92603634
50842857
79048992
14887153
39761971
57490057
31202754
15869150
76504037
27139933
84613878
13762240
98096617
63284051
72667812
67572454
11341499
87135882
47655195
14487550
39140631
20310911
92236107
35761669
37518861
64597033
66751685
15128295
71267554
64519010
62925565
31460641
66693156
38558074
65327482
11178685
77789790
47564199
27484203
80944776
57348022
45054900
26136660
50452259
38674559
75216341
57341497
57134756
67962738
57750708
45423599
28249534
98553443
51634213
66703273
98536061
69781288
93330259
34394018
59704798
98727043
42671215
49048527
78278217
99624066
97658616
11229022
64722949
92555402
80085108
54499420
26076475
61439496
26347557
80478449
31406605
27753603
93238184
18215919
62662967
88321300
82134587
82804979
62679449
42509382
57357437
67466399
40027382
52212921
19148054
59622985
43038912
87009119
87775539
98543422
96380618
75217483
70618123
35151153
82715522
18950903
53083262
99478173
58640301
70997575
71451765
22350774
10832808
19010666
11176837
76412462
14748334
76149833
27576398
25113247
78040643
12758717
96114120
98227604
92964613
24967042
40783850
27332308
87645716
75497623
37660129
56438975
22006863
26214119
26031793
23092433
76021131
88062733
84949274
67638729
98959395
52951459
41393274
46652131
88930155
20631423
70563984
69791597
86917227
29972079
13563056
88768625
81313807
51912746
63198274
30037021
57630461
91029575
67036019
48219105
71312622
24787583
61110088
34515457
11321139
43879298
56053988
13022153
80627130
48556068
13900614
64783127
44531786
38247677
47342693
76089025
48905030
66852439
47427448
95861919
31259229
20101774
35041588
13290973
14228666
51997066
80622731
44528502
51208439
22796520
75005005
43779727
48054461
63647568
16331773
62223659
32890399
44519773
84658841
49266413
13008260
98036211
30905813
77190173
29428650
87282195
43261431
53280231
82683461
22748267
72544066
87195416
46873245
14823937
22309774
32975908
63429366
76713307
67687078
40120664
11017523
18993269
45873265
88989950
56148859
45617773
84898448
57857301
36575616
77916498
48942332
70628562
88264122
10113360
98507622
86329835
68094153
13696296
95775837
26660581
83973821
91315397
14010715
76977250
43668426
98350287
49016331
59875274
42705500
10618677
30321234
51740046
94190471
83081295
13565232
97024310
26231083
84661926
98383362
47384754
79873823
20521838
28804071
37429739
13697228
31555387
57796153
42832214
39265330
42205304
29356481
39064881
73538568
63528113
87721577
15421013
13464312
71112030
29851674
15488332
89509147
49986007
55738713
74042538
54234124
70948268
59677829
42105879
43817006
34726152
68538190
59868410
37762194
12566875
71547642
70280744
68103944
97236769
58056338
95599192
27044126
92227063
83121624
26972230
10198067
61968064
21368391
96212494
74326148
65353425
32364885
32599903
81725040
23061296
93975318
26350185
25091114
16599496
15565804
16731054
25131192
70938988
39202429
89686384
82464968
93760136
62838182
38824400
93555438
13923074
91427944
49705148
45220422
69620545
31052909
91614639
60925643
17000471
84718801
68353727
44083293
62495876
42940951
76492025
16091979
37568018
39233965
71080075
46834822
69150103
45039103
97585716
50330917
93691642
92299427
60302691
15388169
17477442
67610419
80514850
16662863
82034983
98438056
15780454
64909742
24339538
18203121
90896595
73308075
50003143
43872366
50914356
81723842
82453161
30043729
71001668
16954111
34478277
14021948
71427691
15590063
44826121
47087997
58711857
32555427
87138082
59988455
26892496
39846808
13342558
82373292
41678209
97926957
10843446
56766079
78500502
35377552
22562539
99043587
99742588
27271017
70600650
97453860
85992814
83801986
84129863
29272491
74707913
56784044
42683570
13846103
61788146
95652489
46252816
22211504
19937868
76713381
21635979
43865043
41861863
72414738
77579487
10566038
58261770
69597753
44716312
47769039
62360723
45600301
63827168
70452374
94737420
98027998
20918381
23321424
82404975
59962091
66930364
24195166
53775869
88368241
29935787
48692846
84238370
12894471
44882046
67865056
35304591
28934977
75302758
15978547
61802695
60012523
81171794
51654154
63938908
61770257
42619106
59049837
69409246
20919617
29665957
87940147
99021661
80489556
66650437
64378309
94260840
59413899
66795145
43024121
12176367
60556778
74687446
93549036
84426166
72464729
68704198
84442381
54709060
83270514
12022671
64351337
96481443
81884285
86558527
33649750
23128551
95434024
46793627
52642968
47947397
68789874
18388972
32046556
91940709
48902901
73476576
33593650
20348783
13881880
54492789
36856703
80336979
36735511
94165550
53110362
48639666
87484558
18031771
84378465
73354277
59815770
92485340
95362682
46052484
89836318
28221704
73252537
92352432
23208175
47748504
49007275
70282210
38274408
96463169
61258039
75934426
98843986
81004542
89511216
92597402
99008553
55829565
85924425
33912351
50814409
98871521
69071735
17177578
78242058
64386998
90022717
11705413
53304449
67674008
17654961
83676136
16450768
48952701
83816778
15267911
29234160
24784939
16991241
76464357
42124841
87572351
23965579
41201632
59551059
31186847
96554041
44720727
76488224
19518925
49931597
61039887
73410412
65825960
81081994
28905007
17935875
60013381
15515074
68550942
90477051
18746006
75259247
69867793
37301221
62532466
40181782
72651779
99595290
66139633
89812018
80974971
37076293
63384440
86353851
94404857
59693546
40159699
94011116
97441027
80826189
24589135
31307344
88317374
51112859
75303743
21486693
11475237
59710450
11505493
61218155
71994228
17383416
69192212
48109147
44179607
55122098
21885796
69887606
50390831
53737579
87509748
53693051
76494799
19915535
41597882
70401204
68883494
52093422
84085011
37966694
86478453
11767374
99015411
85240011
40476908
36446841
69768623
23767682
18642885
58171580
52658186
72497765
83370737
78715685
81304917
68408958
98591210
63224775
60072530
67194570
36642965
17987673
30234384
94839595
37340207
60967547
32067592
16083831
33745302
14669248
81634897
80715950
29901401
42626650
32083589
55801818
26221871
76330018
49570691
49314011
47879624
57504818
48891507
52559845
25078867
35216178
72679737
28270348
40943314
46638621
19446023
32435492
98407911
29762163
41430898
95762311
10879492
58255960
11164856
60990830
97548578
44835654
70803843
93114272
90663091
11629635
51130880
66863816
18089309
53170391
39595947
90766831
54954966
67407047
70905901
47579953
50436051
10322116
98660130
41894006
73687978
55271666
71990342
21447054
94921218
24697520
80933522
82053861
37825342
87548673
58853965
17901789
11554477
41214906
62859259
11616784
30936565
58508899
17838728
90471792
82177199
42434794
42071516
56271519
39595785
29153753
55430103
12750024
56843677
69986218
21025594
81745088
40009785
26698569
82698094
27971814
36209511
95456079
65585000
65275429
74317130
45078919
75493487
68463550
93170219
42459452
92095370
89301000
44671311
55658371
99442744
30992076
44529102
45612574
10108087
60643944
89910362
27271637
23980646
54840017
22465328
49594726
99536437
33762277
12872874
56926660
70006630
69640519
52662341
22241313
88113530
84418309
98124492
22512552
12636557
20745551
58679528
64608615
58186204
28456827
59799444
49590399
12322691
78680061
34393922
80177727
92490852
82980651
17231655
74440211
30246389
84666030
19094464
24283627
65998405
98233328
93285278
52808302
22744217
58956508
59265937
78316955
16516003
25552629
31758138
31123850
42297469
76749107
59796576
68944797
98471899
51142901
77451528
91981359
34070996
27600400
66849065
89538372
54036352
21579899
72613590
14319031
39532039
50518871
68543470
21121204
49227147
58028504
52842744
53492284
81041943
56338481
84518178
51862297
61208142
25473259
98751771
89414981
17134307
60701959
94592709
99896445
44286572
86799983
85873255
58523480
30565601
95834816
70194887
36283701
25714367
72113451
38517790
88293080
34035569
38463752
24829106
29438497
10986520
20719143
84811831
59629073
52762596
93710475
84275171
56702370
66133176
27029456
89642284
48880650
80229794
23941174
81038985
43362469
68069895
58826731
95223945
38454018
22302041
48639631
37139114
84037818
80800324
59330211
70390834
83275562
31101915
80394737
96211543
12402749
40870640
91099033
96372148
69759113
17870768
65006282
53610661
54326437
18392090
86821872
27379107
46114999
40394709
17544370
61031467
94547913
98821256
50058951
57920102
25001710
52162297
70752525
44684978
30008646
66031711
61645730
29208182
21097437
35131636
24023644
28869048
65284373
26150308
11377159
89274957
58325652
54496948
93950012
28473364
95603201
27989957
57900838
85866391
20645393
65487916
70859851
79004148
11391841
36124077
73818769
24270961
31075134
37981377
63097291
86501899
91534745
18366447
77389981
56129796
71645542
41307281
26340847
49035225
93926425
59213816
70243396
47980872
18549209
32803626
37562412
17935638
62005624
45338037
41501247
26492024
35239638
12349968
42184016
54111213
64705851
94438962
43807353
32841750
46348503
49864993
96180670
89778848
82731310
78931041
66654072
55486451
28293829
74995114
67271351
15792144
55770444
71249725
65442980
52153719
35040049
90356914
20430106
61866532
30366002
95914208
23404531
72717227
54694935
51295607
24280746
19911539
97436284
17004935
61506763
60730113
87758283
98219138
65929758
38002625
34665339
68983686
48890202
99172571
85345871
40547419
48837623
11854238
18912957
78426490
67831774
89251620
67468016
52497089
41440724
28165357
39859034
84389570
74158386
32465007
99951684
71165750
17486263
86904584
26517077
55598165
56468667
29768994
93509848
81284572
24851196
70379764
37344009
64752191
28919631
85378342
67962287
26592954
27986291
11160938
30267597
44341881
89288258
98949246
29761977
23349419
70534753
47944009
98952821
48490937
76686182
60978340
68024190
35983881
23587648
36737529
81339489
65382081
94046691
92266584
29442227
70241702
57730374
23908362
45084299
93595296
74155130
41790534
24348829
28438178
44043225
14490413
90996000
46996693
16614764
48857224
85708689
61325381
16037805
55926964
21068469
93568074
77880779
30250953
67974211
79901228
69063200
94545661
20911232
51646804
12729719
96082858
11371658
82644867
74823422
47397284
18741403
66478529
53310447
92313159
17300653
20546771
54795218
43879362
11184721
75424281
29990242
25879057
95601837
32307807
76771089
62194074
65205486
31358889
34696292
17112986
69466248
16148944
40231540
69641839
32978172
41511773
43969221
60882527
83360016
22408834
53498960
65536099
54920942
19279074
88470379
34107277
89417796
22781144
71597309
25147524
74469750
66169626
87820589
46600051
37091099
62846277
52282026
48272404
88656807
71803270
59713979
75083134
56118100
41390521
97443149
29333653
70258783
13543342
99975077
19858141
68417628
57893358
85519880
35647959
42739779
89179628
47571944
88242117
27752172
94849928
16610107
89616303
29616736
19657040
23237886
63477963
17338699
87032379
49264428
93707382
80651601
35784723
38612775
27298484
27180078
62982855
44059873
82409273
87693662
74387588
61650653
56561302
64613119
39001649
58906350
80446951
76352581
28947211
11172634
62519492
16210078
28766007
78996183
45450548
90019429
80130876
27876563
81173517
73054308
53914992
11608127
81005522
62591555
68287621
87638904
73698848
66698775
28923113
23376008
97750300
25455872
77584925
13118409
58706686
50108333
52519283
40322451
54627920
61452072
52206198
31012812
66326298
36857446
88028488
17523029
68895784
24483215
95226219
79956897
19198469
80360120
54886326
43850664
99613659
97279727
36163734
17243791
33712533
36100108
78574700
48037364
61035297
52744190
34462945
94803852
77000385
40281856
26882178
23697081
76639384
65638677
17023861
29105936
83518132
58605738
68251346
75997809
57647705
44998582
24456937
47703879
72354821
58247802
32346968
44730536
53674186
37676917
90244013
32050954
62507710
56082080
13558721
32315955
24287770
18890098
54593638
86211992
97149517
28895364
40074512
38413619
73919492
79843823
17712701
26597165
31624659
16088892
95843307
93595398
35700496
65731114
24176633
93433126
97323418
83304560
86475634
51828430
33786496
32479501
71682326
99826701
61582196
91036078
82758135
17526798
17791064
84892773
35868827
83022956
41968200
78694513
16220738
30759597
90073907
53107906
37665643
82547687
68059317
98268632
46978555
66280421
96612191
70094299
42242249
93982179
21582248
41854724
31035252
68009482
54392669
34171861
48506095
48988646
44815674
26363106
93315612
93172017
52724288
68520921
67482209
84106256
61723221
70467362
40235767
34624315
49486680
21324531
51653749
52124076
51247311
92657472
25216462
64755506
74921640
79323582
59127785
80154286
58430387
68862504
70174433
67492891
42993649
61014038
20932727
62981783
47258179
74138076
65422668
10382224
41432046
79340082
18164194
46952432
67247857
99230666
89361302
39375339
22664430
43592057
18604840
42972432
69778436
65734476
32468403
96399768
96591096
67967401
66279030
93353241
64486809
76454457
16297023
45446120
83591899
11143489
50135536
73032418
24339833
39581585
80657221
13388410
98512595
33059625
17521137
68645442
83692016
47069827
71194990
90620341
27191369
18154143
36526689
90687916
29732593
10168338
67672310
59630424
14904110
61571831
66304612
79823107
22676101
88256991
56788919
49297318
71061087
26434928
95047999
63732889
92172773
10915094
23101718
63562714
29416334
58364909
22819313
21816983
41660323
22621497
35067833
41465496
41151970
66553357
98175067
30586622
25735514
18048803
49523652
74598165
90953423
57885444
87452595
81805879
11649775
26988096
53751144
75266382
41416324
60071457
86278343
98766985
77111439
44516797
10437225
40006499
39374022
69786198
53231477
85230604
76543603
53376463
47043946
47861922
74147596
19317104
18331612
41367972
29811620
17114322
62490449
55246493
44269875
45928223
87907390
50005921
47836704
60266796
21595331
39882991
19913825
89104402
55870815
49082679
46332433
72529910
81162804
17190488
71573195
13216375
19978309
80515419
26551228
48075096
81710272
41981543
72479422
97911536
86403694
82232036
94116057
31934771
27636762
42195848
15179100
20009305
83358981
65753589
40315283
68746592
61938878
67211877
79977653
68101629
37916691
88061678
16613639
46725011
38634563
67450607
54108316
16283285
82995014
55566695
76925167
34567446
99015709
32522525
76445504
88946429
25689456
69029282
71608727
60066930
39090101
73172253
35090697
73319931
37813329
54918227
49276828
40008911
55616611
59823038
35445264
37506903
63226281
84719071
82480621
45420718
74389090
95184744
50953381
45427782
30829580
11058025
91219196
96400182
50111695
53174565
79336112
65257347
90790347
14193114
65072285
88738217
56596134
63185433
70061503
59516289
11426620
15566701
81325271
42836366
97573763
26640018
39458208
70812321
16303287
20653121
34117893
80221366
26738849
30107017
51943958
13872612
16270241
51245350
23613359
25906110
52737311
44814183
54469235
39194107
95250851
88335574
59952673
10951188
40329865
91766422
16538481
51699901
36013889
86349434
67344222
31740660
95435571
45292116
79567172
52874660
21757251
45239988
81080993
79021264
98006614
16822672
82592848
43892561
76624196
20805752
15868532
95296766
13891990
52425188
64481906
96685068
93024560
49125560
33544510
41393031
82609871
97882805
78218813
73373483
31898460
89032340
18074158
87768995
89897514
55296303
10878437
62413587
71948430
73479984
55092404
17275111
51220030
93972295
44506422
11812502
15825733
10398753
48880995
58563668
34429444
53734239
51601632
70003764
44656785
97200155
59012512
16115855
39945338
35036616
49585599
91254492
35321291
87760593
15458454
52917384
13618486
46122374
96093495
93937065
71252809
88980575
41746845
38941980
61956633
51369427
39871424
79524224
17041570
83848571
23078704
21133145
22368499
66145186
22322022
13012900
38593083
25164767
79316490
81335902
86533991
76692031
21624438
89667485
40835697
90933082
31872962
44749664
54147127
48938162
50928630
56606302
44380912
20659326
74421119
37435484
83719724
24925202
99245738
29343609
64949516
56537658
59815508
94845684
38623551
26864823
76388101
12746822
50406370
55604259
73665083
37398395
84658036
57647972
98086231
98821685
89608776
26947360
20606976
20345876
50544483
63629375
69366866
79965515
96735272
23592753
45134955
11791485
84716625
86429574
99326050
32183244
71872799
34979598
55522364
69837903
74378794
78272529
64019721
73440549
12986086
88197628
68360383
93123632
75749095
22453232
49209353
62455738
58248577
17196845
77056025
88195585
99893835
59122555
30810434
19004359
73350149
59142805
48968883
22451847
26935875
97180190
57245711
63445926
60821028
69249097
59916798
62923387
87503441
52082700
23138919
67876102
73041056
70430502
57578214
93743011
60402026
87880751
51500370
19889839
91535708
50333445
59206437
79186563
34415122
82465015
54145585
13147598
48890935
19338568
66700988
51555141
50337750
68651719
55046371
74521465
42334629
11892885
79180053
41131200
66653899
14369259
95563665
71258727
74088235
13387444
97913887
92755414
65214980
84439239
44414304
79540584
29047705
72145859
75135608
64846865
43586806
77750466
64813736
36983623
31560661
82030491
30018507
22851608
78677634
94132463
12888728
48033981
83107319
12561939
84192160
17998552
21154365
51232112
56481703
63329169
84370060
26970467
94602835
24172834
38379990
91793676
78261811
82748381
42900942
53673871
46983692
87462773
15807022
90170978
88410071
65863970
42350217
53882747
34662222
87123504
72230439
11116855
78091979
47036700
99900349
90140987
55246171
65524575
64677184
85488906
88038446
49680787
53834976
81476767
24038532
96433655
99808293
18873886
16370474
84388204
86887022
82033228
31734722
79808978
79947293
92008680
10515971
57884893
39571817
42035856
72175582
73214963
70034181
84243899
11247016
76031432
24681162
28654187
69796948
58070900
76885213
59548403
73300650
98568153
33607925
63356102
38602089
91404004
38106751
64208664
57966338
69062062
85833713
24173910
62785894
55114877
19426761
93742407
74373005
57517112
32464242
41436076
22872370
24234070
68945105
56247741
51322063
93378491
37076930
61593994
94484773
53199607
63767845
79857349
56795929
43767559
10800200
26907095
24196015
65323286
81653468
91996004
36180922
77268939
37173092
76820861
30329637
10137252
47499652
32558257
27842549
10238114
69125834
87057219
13663680
22403055
70286616
58859993
81064792
58290445
58364263
55483469
96496849
62806991
10596405
79859905
84781732
22903942
84822013
20353549
58477019
68421616
33091094
63377739
50669086
11689983
52420345
85802181
76446796
25541291
45182881
92278315
77546733
69353599
90771035
40917755
36878668
10607845
29029967
62554071
84758046
75402619
68556415
21928796
83276242
87387466
16985772
30367388
31683391
77142352
34608137
87766274
49420020
89428552
58550362
24015893
41876869
89362511
84279462
91495231
46781146
93182327
90160672
97189251
35414654
35108928
95221975
93904731
91155759
57884592
26045455
87228393
88945365
50679298
26289562
21203021
78348522
88208104
78988718
44479173
21677909
31536664
81886283
98497961
59186537
30186430
25125997
96682932
80012844
94641677
70302660
99399825
38407361
27672266
62726537
98077769
73001573
53041033
35973494
26027102
62860474
33972202
13959215
78727917
64674050
62320894
46737509
60725616
12894315
55777153
38025562
90884751
33231239
52713186
86935888
58478399
48870905
26127252
57617424
40690428
37323599
97331479
60961674
74535058
19998148
72664630
28541040
31082962
27166587
77572171
48211660
18312902
31936478
69055589
33798550
70643013
44921437
81137896
66494703
60482500
43413578
37763102
64775566
43068126
30059049
26106042
38911537
47152764
49556842
93789603
26460493
26005627
28873995
92942364
84036917
98083838
90976272
18466975
43575573
89223184
35706887
78709346
39902289
11719128
58377215
41089019
24589667
68136010
98086319
50364045
60656480
27615935
26452951
40999840
64380736
47559210
81746695
78417972
20685672
54069924
81728901
17620041
14860530
49582612
11776555
30698971
13183785
57668456
49893800
26944049
74350934
24468822
87271168
38754159
46049092
37093811
31440626
66405046
32039204
83183800
19070493
49277056
11106548
70344765
76912025
23251075
13413257
30853753
70509000
41986879
51946005
77186302
42980789
26954639
50851101
28345592
21855460
37654214
19019005
33714143
70444193
93005809
36074070
43383327
58531745
17913461
86752521
67940709
88770018
85660610
13826704
49165257
50983392
40835007
80437928
40854154
48376461
91356644
71672021
93690804
50414815
97452174
43601779
52387002
28446859
58897716
73455950
40581167
37799537
82852951
68214880
24282047
39345972
21560948
57004531
98983780
82289803
79176516
74627838
22733992
96054748
31446571
68887607
29107418
87490725
45989276
92188831
67228722
92709503
11138318
51804114
24316863
73909517
79782999
52022835
89276245
72421267
20463802
67687114
98696822
37127596
68577097
53298046
49270321
41038861
61766806
13400335
10124707
85297002
27866364
70516644
86104869
56755413
53901496
61894769
19724768
10360665
36618631
27618987
86294796
19850468
80187653
38756663
75304975
96157746
89856968
47900064
43230769
14763883
42694243
49448277
55321822
29126486
40592082
57726320
51317862
18141186
99143656
73388495
27476093
50930216
59157193
39302413
66069030
92128809
79355343
29833827
95531048
62562302
54304325
52249345
68158104
73895538
99738643
10881042
86115810
16375749
22308902
78833782
13971662
62776258
56456655
86081437
88977484
94307170
45352090
32577615
12977268
72484032
97382796
28191713
89866931
57089788
96431251
17667809
41004350
59898660
77501817
38716925
43411533
79551858
38279393
95384996
27649116
51183578
45251029
97233090
80461374
13604435
16729100
73284530
75751816
61195827
50339246
58657114
38299692
32204927
78155727
34668190
84747450
90947127
83365201
28460574
27637799
78719016
29824723
85514056
44896304
73932324
44781857
36736346
65290236
28417441
44751723
29901171
13577133
78863544
67107766
13739078
39090299
15811371
40508441
34830016
75965918
10826471
13811575
89874847
25233178
65372220
39157594
21766059
73688525
10040023
24144006
45254892
87512966
29740574
32615587
76226277
53986081
34118361
68130856
88303902
81200515
93608049
30199510
19696010
76356639
86447361
85110235
49075157
29788074
41394477
55082867
36002150
35463125
96015522
43807960
45111520
39773581
19325052
31296385
72277053
80592090
61391083
19558427
51946403
12819424
88177091
77710606
21375146
68939243
71723688
60318052
30951533
21070020
44170808
90909696
31947402
24423000
35387395
12711233
86955774
35534137
68913416
32179323
11751178
27137074
88676774
59591807
76913586
76821620
86014437
38585526
80692159
96042461
99589636
23867208
37244412
22372501
39066683
87373587
59587089
42419814
76483967
96038519
43630729
47422503
87230868
96745044
16721298
61251002
71466826
35775190
17952123
21553612
99757017
90481894
66886606
41049096
72548558
33456806
74337058
87973940
88930832
55641835
42066883
96192503
17871627
10411735
36167095
80262637
97637692
55712590
79341144
92507233
93984795
51261472
18852309
10134093
94985886
95247008
49661599
88146107
57303061
49341250
30198640
14002937
32704200
41036454
56112718
49803867
80186818
46051140
77936700
73607838
37524414
88547128
66187138
23193013
48659069
11296666
74530297
51223151
19929185
46893672
54174408
82748416
72129708
98422250
67264785
32252474
45010090
68119364
75603223
76999717
51083049
30036897
53648395
73616428
51582134
48783093
77065341
36871165
12331988
78397854
40749129
30732838
79685993
61510156
77885503
41730282
57106886
91223096
27325910
43759097
56183051
40731991
70409994
94318737
97470832
23767525
11445786
48205843
50761886
15370551
85705206
39006039
83143014
96204210
80070251
15608192
49766358
91144494
47598610
28699404
62048087
99959521
42354643
93156940
61371525
16353963
34923660
80641932
73499721
19087455
95604793
20825685
65370449
26970482
97328974
87946548
22126481
10275112
67420651
58041910
48740612
91237644
61786939
49785098
53255911
76007392
93884213
41214145
50134477
92869505
21565000
94253807
48970628
34721275
68070530
23559102
68048829
87356397
72437145
57222940
26672749
62673725
33032413
42942217
36240063
58168219
41066312
33481088
70298780
61933118
94743579
24948631
68031079
38156051
16856629
65732708
41018542
41249125
87424120
11178450
87196218
24902883
41200321
30456498
55693860
99617750
80577165
61721192
55091786
69036407
99666116
16183030
20784660
73287238
88110998
73977831
50284909
96746276
50270960
51934917
26095714
67246709
68262711
66601933
20462775
51967326
14860083
95225544
47161828
20774130
83688658
25878585
82766053
56349688
77489734
15174426
35894767
91806308
20249510
54756590
93550812
10222218
93012880
25033337
37901651
96547768
39377537
58603046
18151108
24698145
94211382
80952526
85347448
77394735
56017112
50967710
90984826
44158326
48964615
56298203
66435589
88145199
50066258
45934293
13392337
36533523
27802609
48416261
85010153
76718640
58069407
56300550
69286907
73575580
56022157
16707530
91819599
92132219
52246581
91132807
13671101
58959202
92975528
58067121
32780633
73638774
59917006
61806565
66892101
40913409
25288000
27985788
93479726
90828972
82301011
89895240
83380876
67578107
13942410
60302844
87767944
59206295
60576312
81316408
33781746
95484259
56755004
59495959
36690134
23893379
33246955
41312707
62291754
90450537
64733471
99873475
63003533
88346296
15069307
32025253
16272707
44555036
44941216
81348096
50349522
67044327
89466453
81072064
70600099
45040926
47733405
12257833
84985331
56269465
70799330
41793472
54291855
84830566
34865142
22317925
10893475
19219182
55305593
85881005
85992860
23747009
74763424
80131334
85209619
26092879
77551395
33450096
50254450
97489427
54416083
71211720
61090615
42789601
47457590
67733512
13235108
33862143
90175149
38472812
55504904
68517035
41396890
48483929
88551193
48433297
63786139
60989614
14903783
55273961
65885208
46144944
49697743
19591341
57408761
26617680
88379312
23852370
58248007
23392139
77843470
68179126
17981938
81541936
44017431
45126689
83637939
16765571
17713350
18300359
23484343
20054687
55959188
78962147
84095672
56054595
70435683
10754378
72896734
85456693
85435776
39647848
49971020
25624139
18713682
74464311
64008441
69457698
77155437
57917048
47723260
50063996
27368084
69815182
15687457
55544580
29860957
19330664
76940161
85320466
11167934
23328744
89829909
84481980
50301138
43743011
52072922
66124504
49288857
83625476
70161063
84430510
85103404
63665884
55959112
42755365
95969693
79492430
24276617
62617278
98178656
29400017
44494599
49555715
76100452
57825719
60668339
30981868
44093232
34793591
71351742
71863054
32065922
68832171
19020674
59466085
68993916
55582527
17346889
12866585
57743097
50644557
59123828
60219196
54913342
58887513
30446185
45834974
97787524
13917313
13551839
81498680
61812064
25546295
73951581
50173478
22180924
32517826
69267648
37831709
90265394
70878394
92349981
11183196
78723707
85900517
70235134
67827192
25907684
26795178
94868131
37590846
48302949
74653783
16795924
78305171
60124501
70178945
59148579
85734929
53510367
44000114
15287192
93783048
66040029
38948335
13780137
65548409
21103198
28512890
42230533
15792027
69315978
31774342
55617484
73271400
62872618
18542462
27468639
17034249
90000506
79188372
15468340
24882293
25366135
94203632
22932676
60292933
87134560
65237785
48061721
39244038
35660900
22228675
80570365
71063825
88913755
65079443
73723768
67779524
46325391
91189897
63002660
57308813
74022488
53452202
58745739
38685527
27730623
21296671
69108846
89131397
30954140
11714388
56168648
17952403
29065964
62046471
25962650
99889097
57829148
66410999
24250426
27773393
92338847
87220449
53201603
39386924
90856028
23481432
72788324
75370689
65041199
87012874
37627698
17574583
69919340
62660646
14911187
19076244
26173043
58749777
27319219
13930712
74383058
28679564
78262082
42431815
84395399
86714712
10592708
90506610
33462565
32108196
30086895
33615163
41587380
85254194
76057227
73003399
32485777
34873456
99303578
95843419
64194532
54522064
28130067
98287411
22079877
78542025
37147618
86578218
45148679
59356324
39313756
39938385
55473226
51530852
19542102
68709179
14425452
69906707
95050915
64666345
36580049
51150611
19058621
56870480
39423136
58280399
22315947
91995962
19791837
82253768
69129032
36583608
77355824
21572032
90418833
11569534
57363799
31664834
33918546
81116105
79784407
68308342
98255150
95269789
77728821
44459548
73909377
26565760
31638972
14656093
91641586
82875122
41536507
14652483
81694346
18415387
46199201
99455820
59895377
50491196
81881744
47328892
98998065
92215920
94284658
27155918
99805168
13150953
92882582
34737433
89434361
30615552
70658927
55792978
25436266
65806257
91428473
73353427
30235495
33834013
33648057
21569959
84465089
29982627
95373044
32848797
51474883
94087203
70144047
31610426
22508533
20468178
17127061
66368788
66963096
81293195
91026430
40539103
97595424
46633967
49651413
86055963
95773552
60344860
40081867
60460266
90732701
16184773
37792286
73330278
32970255
90294509
73730485
86851689
93948734
24914252
80401145
12301585
56943142
55711966
69298596
90188234
31887695
48258932
37433206
22630830
26828823
35234041
88980247
16542903
73052602
97446394
22057976
15095086
94365487
47054511
12901143
13099364
39683270
49854981
55743069
52884099
49166911
89054694
55620873
42267558
66321978
44780308
90055248
34182649
66290516
17288137
94873079
22690142
21311451
14601787
93679052
79789200
42318283
36278848
59759378
78707869
81904898
38945203
83615602
93010271
83023017
89666027
81886053
36929020
83037756
62074357
86280158
75149562
72157761
83295474
47712969
99775843
89571825
98953326
88518116
67839036
48015355
84805381
38621003
30390115
13319435
53960734
94640354
30443822
77046648
75593292
93929752
59710922
44515588
64131579
66545755
77130644
87102196
54070370
47720675
44230998
17294538
88356084
66311881
78248985
22046696
75417909
59544620
45452495
11477732
26908394
48466729
53832106
17430462
75717708
20873737
83770572
72382594
94448734
72048169
72492645
69383359
40325479
17653746
37377491
95455689
55216244
52209057
90814816
69355942
70386825
32196635
95942916
83798653
43982274
85528867
98932895
58984677
63772192
93490711
39555870
67117460
73967985
77662203
28049712
40251921
58146405
10158736
87591135
11798157
67454720
99369662
98966375
58624148
58929505
36284857
54469746
11299127
17826508
61486034
65990266
43123520
52298811
57151554
50452143
96286716
77193737
60681299
16388396
22756117
70632789
97686255
48030158
72024422
71849756
25302375
41778239
62792112
96015319
27617397
97646659
69735583
63197689
56556040
47698876
94967699
16990256
94642819
22291823
94463582
44351774
50386841
73581435
25564497
70975233
12431983
22030429
36535385
32272021
75642352
69221537
83166172
79441433
96364375
92106979
26581541
60435628
85998928
64415985
27370316
52416445
20063257
63008265
15087391
80284590
39324532
31714736
21985744
38545021
84999976
56869619
46673961
48119074
81679622
53111193
14291975
88231817
38242147
41377249
85978310
51819888
65011528
85841327
89730222
95162179
58963598
96780146
47115345
89513885
53307082
11236094
20316177
25402230
71456564
68593413
94822058
95649746
61770097
29922379
90319577
48666855
64140262
24083570
59840204
31547957
99646072
49197147
93356882
10720272
45669511
24853284
85951157
55390087
73677671
66066821
54503962
76894174
39256300
51241772
65949539
93856044
89715730
81955875
74483209
34114757
36197928
84371143
44064758
54761485
46025250
88015136
16638854
96642318
42452289
76720608
23551348
82554773
81465630
46013022
71799881
14222936
18807175
94810507
22967150
13969766
26659214
55666500
40774841
41855722
75800136
96706325
89312868
97711567
53455568
61885266
19381798
45887131
28923829
11690452
80115199
21862726
35619089
44466158
33659109
83652535
62732248
89404760
12323318
81330832
58797245
80828658
62246020
90948343
90740586
35602319
99433892
58340034
51162686
53117037
89726719
47755698
23678730
13217020
20295653
28415256
86060517
75061717
39407905
52969293
30428750
45522030
62007149
81360602
70876876
70767810
87595013
65549435
36963481
66854914
80768636
53176357
64587292
69740665
24775575
69499335
42777464
39728361
87628603
10899788
50793887
16385845
86325959
37424826
84764571
55883968
22674810
23884406
69338401
35354145
73767882
18779307
84501505
50596152
58947558
63093496
58108773
17321047
81266151
43346865
47967130
85579293
54721578
93433675
78726581
34251561
99528059
92940984
25267930
32326678
80643033
92539470
31105393
75270363
74435047
35946721
29708289
71641325
20340705
68317204
76310683
19106673
98069484
37716193
76898686
95051201
32743579
14643645
17421572
99543225
35554157
81532905
36078415
29946697
90186237
70019732
11526973
13481564
13414839
52929851
33680244
10522731
75661519
55138900
48190195
37741109
52145127
64052491
43968502
23161314
68239207
55089419
33761546
41114016
44696614
26822890
99508018
52290761
85424060
81964920
87508247
18750838
21205013
68359898
29465218
94499979
30038583
51966001
63371733
38906404
41241710
77152223
10606623
96985495
84247218
24957333
75620784
53597503
23233847
75280654
85760743
84110803
37269885
54871052
97845675
43252241
65440281
45628327
39850711
44698824
86336512
97692970
43774461
79542212
99949089
56036167
10687840
35769959
57730218
47311868
14071533
19847445
71904297
54029493
82500899
67208994
30342709
35063022
51785953
51319522
40367518
51880509
63650124
84924641
76980890
58966130
10050776
58375538
50878837
37204859
60599942
20503285
79753678
68747153
82848550
52452266
57615562
48758799
75507928
12533405
83656406
44398007
94801147
86870310
19114509
39354981
81705002
25915668
31338168
20626141
34821365
10803826
24437074
68414048
68526853
56355694
97921921
74760837
82470014
72205803
62770963
93130770
27461251
15022456
36623176
41897963
62417199
83072562
61045339
45876693
18624395
28959803
72353741
92827307
65297221
39903612
16101388
79798322
29831684
42753383
91051668
86138288
92202365
75619693
58217777
45031601
89106530
39010428
15079983
68714996
45620861
23236894
56715884
85746119
96606359
49240415
35016519
60048621
33140191
53735149
15977892
26881240
80691101
17077025
90185349
68957969
19569141
90313764
79797707
66537626
61164675
50048182
87403760
54586562
21722414
60595109
15955043
39422662
92523746
27181804
72701115
60078788
80829732
97246501
96781496
79571066
37985731
65423902
65401230
48442127
34014711
39710699
25779814
12758794
53858114
15509834
79887375
37233726
85184016
96394500
77547070
13336212
93180223
34519305
60791311
28715026
57613069
65355196
74196235
39152313
69853696
19656751
25361334
63451117
36743894
13585010
58080867
34558359
26132096
81065725
16658060
80591689
51896901
76408753
29020402
62729320
76206875
69129729
89070305
22842409
54499487
40940992
71751848
26602898
63599666
39790914
85690228
18997318
61023862
77428876
56019988
13263543
38047291
24168736
64410467
62761356
69944854
94996438
39256950
90232001
56676808
87788947
81576940
95768364
63005748
51548234
24506938
32660761
60151501
73787572
80314481
55997672
98992323
88807006
53238567
68830306
54849957
83867863
94465508
66025643
45841112
85435535
10560013
79484813
78450731
17500938
79356588
40283000
57345636
89992795
54056402
39850625
56148630
84854434
70402044
96833357
42916387
23737428
29707974
92626808
74037134
64234649
67474064
89972009
89684348
60419140
93968957
68986657
60947429
77609646
90226640
25149019
56336248
28261549
81971900
56379358
82986745
61629815
98200084
94961296
66389444
68163251
65909383
50122057
84503773
41581249
13442533
86548478
64861292
42805132
77411136
49254604
61626919
98263105
53581143
54528136
75634678
62144990
51626030
26850178
98424519
45690799
11283672
90267847
63916369
94056726
92257434
29804736
13110394
95544411
12961396
68870722
21245266
12584469
29401619
46278212
65937834
95381399
95423308
90902894
51433324
31340099
56979962
71056920
84870708
39859098
30850409
80876476
55601655
26327581
86120955
98868542
20578695
68970004
57627021
35949069
11617682
51489541
84687791
56791748
99182208
71697766
89775399
67394862
78899386
28516998
90015796
80942496
22055302
40221646
87724037
57650494
14511482
47334894
18016426
59105300
26953321
22171930
89407679
82921695
43241095
48465365
39294390
21070332
90903792
24106692
95037330
45587670
12654490
34130992
79426333
86074134
47838809
62551368
87593211
74803031
58997579
43194227
31468810
85770428
85237887
56560739
41247057
87457510
59627119
16797499
49421366
39829939
91902855
21499961
52112718
91586204
22880503
99764699
87099553
32369448
91984747
61635225
67843981
79817937
38049782
84039213
45082176
68446355
39810714
60114671
30282018
37741378
97528218
85637273
85310215
44412796
45322991
40693629
74032141
53616157
88317762
96213752
63183636
47159557
52708822
98996539
91066322
53315215
24146205
99476667
79356527
13019973
29638148
73372815
88156570
61655490
81354437
10799942
72843261
24954777
16160498
62334519
22113167
26828685
14196656
22510794
95925372
11886336
80278673
70403140
98414518
91148898
35141124
73431381
33312346
26087138
13567039
73250814
61935709
97813202
51362240
22539860
98804521
79022136
45561940
62858330
10588646
29992993
14014946
38444395
31384868
34147627
45632400
34574874
15195213
92923216
31758441
83753899
37136461
51856642
73461973
83133414
92494302
78219523
56458031
59418287
29691156
39338724
47489649
36864868
61060941
13268896
47412949
72394308
75402637
26519784
96782260
98821365
52901845
84944136
92622880
15194269
96761284
80415281
39255150
47366496
40865479
95052801
12145155
48127547
75259399
41474127
38681284
36285168
72752661
63058590
27813618
82075698
17538729
54590675
19130930
63058750
45683535
52084685
11012648
70905752
48314438
59734126
96874522
92150143
27621424
70513250
93371371
12605595
74195264
48597192
44562901
81914920
18601604
30695415
91585077
47068232
87507101
28758164
26370310
39088210
27322652
44337867
74682710
71013222
52412435
85690491
24165779
30147465
70913497
61445507
90778851
10225743
12944522
94881316
85666070
41127347
82113219
39293717
52501579
94508550
11159523
78437657
20086017
37689099
72039080
96535294
41763069
56784314
81122151
95601683
85762481
42487788
46530576
15944324
77091860
83199170
58256958
69257490
39927368
62416140
97929838
41756674
10469781
91874019
25367054
37052098
68334305
93450931
75672832
13787127
83834954
71044470
28165705
68703040
90359008
72544688
12776894
49409596
71214135
75768729
73148633
11887499
51291733
46074174
69070051
11800192
72644780
51240559
67480035
74964454
47451472
59355040
54572957
31413788
12998916
25088841
96835033
12750109
71979085
37465955
20927904
80439206
64217833
81271178
87122108
35729859
44225998
34161393
94476201
40174060
16123514
60268727
23430205
59726437
96823246
87675851
25550824
21036657
19671909
59331493
59994727
44375136
94222892
75051704
83259005
73659333
78114597
48069373
91876515
35006511
65681868
12157986
70827657
54895010
51190794
47219890
99996215
70362276
34122348
66046350
89544179
99607277
76648158
18724852
66431251
84622080
82816918
65337731
11821553
40332819
42243567
14972132
34743371
77858996
88601753
63066017
53799246
62288982
32332844
40957423
98508720
46675327
85508183
37197049
89305551
11966790
77906193
43918330
85004653
88057117
43303813
48254743
15168282
62183271
84517834
57134378
71482910
19751544
24346650
81476773
84759956
73993709
71566951
43489911
34632391
66811898
96870162
23081664
94995389
32889028
36183378
32952138
15120560
67712543
21758709
25205933
24172797
45655411
75805215
39519106
90888565
86550564
54509076
65453045
28612873
92262358
63334853
44580841
87673816
46543222
66341043
17022278
65915133
94721911
30092664
55514387
72482817
65877213
50245657
77080504
55566114
90334583
79010892
84669008
82333679
84888547
77749839
88919200
29608138
46782618
68472886
50851195
84021176
16196790
47891292
91754008
85077537
31815755
24560898
82088309
33695261
14672525
66541885
93052050
22750876
45310295
25872907
92325894
79596296
83071351
21723331
67892490
46128034
81521724
83565974
95386636
54393970
33839662
73576709
31245872
25367519
62682557
92996680
93725500
86610685
97787911
61513118
57988549
75305245
30671292
22804291
87804535
24725175
38102593
37240564
37955580
94660395
11772461
31213847
57981658
60858806
87241341
92584650
50403891
59666040
77648899
84023474
17576549
35970413
91245620
89386201
37720928
79031700
67030935
67047718
58317000
57930172
10527270
77717252
25125011
54009556
12271334
42901001
63716719
28414673
17574972
47694606
15977899
11685392
93341689
90671859
91706727
16318668
52808024
84149310
31207229
22141852
90571896
64050387
93084832
63495177
14777003
78479667
16978667
28350851
70786406
88154802
50849028
30089538
51140353
42634484
85501955
55805834
71068250
71626097
93363054
15153135
22781182
58116512
96651834
12414247
97277946
69929498
96114324
46030844
51068542
76785507
22257141
40747491
32592579
11839542
47085766
91380196
33054486
45281998
18337532
97584993
48125503
16678421
28023825
47911954
95770610
69866846
73229811
92877101
92195747
21983911
73352564
51352774
69510571
33529685
78920492
30330134
94663455
58663700
64725965
89218355
47505918
67696838
61344898
62490762
94653362
44423275
20174563
37514367
83336941
31759970
36927355
24998411
96030453
79246833
68957015
68822189
96739530
61475195
39645510
92314667
22783708
58893543
39165122
82621963
84357903
12710539
69113998
25243731
55308944
87663096
76108007
33208814
89837531
70210674
35352399
89618315
21671253
75660840
89670056
58484942
67176152
83592957
73755139
49609867
28231416
55825944
22388916
37838528
51282086
95440189
76517906
68759326
42468108
94361063
69152795
89820790
67965512
43213421
90699294
23579921
20723260
24745034
75834258
48494490
52213057
89042283
11583275
60495608
56597541
60408233
37186180
95272749
89819589
73078690
99717953
43886496
58677581
99445171
20354902
23662146
95091938
96282926
71661856
29174509
32336968
33389603
35468403
41646522
48174333
32547319
40018951
71132690
71555596
24254461
31437936
32989676
16336969
67325237
32822393
96987787
95885084
93161451
26127650
52774207
71363948
47753102
24699756
15669345
87085704
96554454
19386002
81407177
14481642
58629854
89447545
49409808
86359724
37970236
77005758
79939929
55545972
69095899
88554102
47177140
86673035
39657390
96429648
75649709
46205830
72385766
79459977
32623840
33140161
79489700
40627113
19541150
80304318
67649154
82391948
33342591
19097458
19154274
79607000
88508193
76655114
49951739
41131369
16916355
15173882
55016479
97202387
96997895
32399601
80895871
14099788
25491747
71374888
15070054
47726624
95896899
20630007
19607367
49863064
22692097
76060699
51448890
82365254
15048550
75609751
68526832
79820313
39235971
68638857
48646921
54365925
64141968
22606705
73120885
51956765
80581612
14361272
39833863
30436730
65962560
23091773
89539306
59045484
89236693
28471171
60680047
10391322
79531156
65543548
97399217
31079600
19668336
19974321
65983959
63633846
60758189
73132248
10500014
38605260
76553806
33491536
79153709
58606739
78979568
48224077
63394818
25532331
26411727
88736054
18699417
87381949
42603897
16113667
20636732
95516484
38477950
34768025
20245911
51425292
38077745
89166633
84110798
93779505
66425597
84180286
48904002
25407251
21977276
57828843
77246240
99835989
56636084
41310928
83441915
41301157
72753675
81591702
73403372
31657122
24868265
87848513
52917317
12750273
73580047
31131290
13969204
45918987
61980729
55231388
34907921
12858764
52498559
79725063
19200117
58308405
65087766
81004807
88486389
95228334
32540601
14667474
27515927
95159224
63237373
46230839
64697295
69451314
14992387
91958741
33762317
87656349
47113733
11373619
96678811
18522986
70403827
88856892
83690496
21990974
27984826
45551590
58247448
78998286
86165442
77167265
40749047
22518613
69130338
75277509
13926269
32029813
48942015
11786857
33939339
70841341
15162291
58977589
42861532
72118048
11057165
15266967
73759737
45789047
57890850
96676654
34902465
15429896
93959024
28801815
52624173
93217089
58310724
38385574
68180092
36515618
48734391
16825788
78751498
32578851
99601556
35102730
14215357
60392076
42257786
16954239
13252162
29386574
27399898
68159791
41513730
16412852
66790227
44991878
93266421
17092267
59019320
13875501
10496873
55688343
10435141
13641657
87727822
44782915
59315292
71797954
79696324
87068648
58966218
42345973
54236227
16106915
69172857
58736311
34867517
10096073
94631233
10407023
45953734
20097934
10331205
20399094
98818993
13471007
43596122
20494601
23057431
41368046
82007834
77259632
71253587
80322110
49181449
99378219
28059368
75430799
31170875
68021041
97251212
69466300
95597486
79534312
68074787
69116137
93746159
63335204
18904427
25962308
39333875
20496442
73691967
82609508
92828229
44384540
30796924
33204964
56866947
32181988
82923127
87622521
88517543
18253328
84767571
63497051
56778376
59777927
99206628
38507855
70592248
40074907
79521824
63612823
63786279
18928485
91234787
24860601
29465527
21096499
94088532
29308367
55050795
65697063
80099365
21917270
30844633
72796637
11187186
32466407
34775584
31196013
35251628
38607751
52879621
34608635
75071116
81986293
29711190
48962052
97710996
57689403
41085496
88111069
20918871
71269953
13338369
83699126
92729257
79280061
89970729
77323229
84337519
31949463
10750692
47154310
73069778
21065872
26741467
59020203
74714062
86042313
32833118
48309046
63154013
22732871
57298299
74626405
58814454
37728287
74571803
32133448
64416287
62882677
21846400
61507247
34284146
61773202
98267879
82166800
37886980
86107034
75235836
37757590
94989267
39996958
78433837
13522960
62931069
88782162
26641582
92949338
24207282
67521044
79221112
63513509
58255285
47085447
15939795
14664512
22558085
51943120
66175640
60706938
36928366
41357688
37715921
79567362
43270010
41074341
76568763
65379151
33531249
47357741
98515503
57786236
38005162
57160446
80018423
62362443
12525879
65351773
36433228
65008035
97895094
68333447
22849594
30359964
31711673
37756940
62490907
80288987
33895453
61091252
65985488
30052536
12280878
71234835
49068218
14312781
44373557
45724936
51231996
21976950
39470549
17629496
66444942
69204455
10988696
45890175
42512862
47057051
38862646
63744943
83481515
88484765
19735347
55298902
61022927
13981727
90181843
18888097
52033846
45056200
44832034
59369109
80972428
51864658
80064416
73779815
11877542
49049643
66174752
49298401
15976839
94762601
65544479
27472234
25786955
66731785
47852922
30525116
10626946
51412836
23202686
71474986
34950799
37954375
31917612
62989897
15883187
85937964
91267151
44312103
19449869
40851743
25446234
49558507
88150753
65445947
40482802
72669096
89463403
77834357
17744614
32342670
93626057
50574502
31600546
44751579
27002345
23139510
54352937
11090244
42001886
57003907
20005796
72308251
19695702
94625005
37760289
33023533
46631672
41454486
35394782
93217870
51142033
80316498
39504815
27386057
39201690
52754426
45412137
83466083
51561417
82551385
63989725
14579347
44571319
93365665
94416273
11260432
39806342
76327173
56309269
28731592
84566553
17128720
40535382
99286388
71747867
66838543
24515829
19901274
13423912
89746299
87525766
56870965
96589043
78174561
61177417
41511707
60163223
29478970
93331545
55439476
60788057
56128924
32245589
28143882
77674967
47941902
32468847
73193873
63079894
17208565
41537772
41843435
89623886
16126953
43575546
96769531
99215764
54517384
34873109
50750304
95754419
88447261
70450046
85851132
83865652
12808103
11658705
45669370
79876108
59564793
71501552
53657223
31455991
57462931
13174095
71294677
90198299
89589870
65615780
72412456
37242328
24116458
38557013
24610595
58840628
54882904
36679009
56270875
15164480
61095160
83981190
49700236
96734581
19585798
76814597
70956592
83963422
92240371
60289974
45433241
25937683
97349135
28445257
44417338
62845235
68766164
22060579
44948338
14626031
37234434
59663539
28150368
51957915
99439152
61292099
62375418
95781786
61456798
31340086
18600903
93437745
93036132
57504024
40012642
54981736
71147001
22183143
88738034
14879397
98363680
71174685
31684343
33412880
65634763
47836936
71740530
10767495
55669907
24270956
38376951
85978577
82903982
80758956
54885488
91856063
25879111
20511060
75511831
40716478
77525226
24983042
48558073
70240446
40563643
34607187
70607120
39446279
10846767
56536632
38594427
92838306
97647978
30199392
64386337
99263425
95163877
39005148
89359984
20253510
87403118
47349224
15289070
19334058
42092318
32825590
72812916
29480785
33899616
85498725
42090845
14231942
87510404
50058756
63495991
18749432
63985473
36181626
12136219
22408731
28433265
74667178
32680402
11827290
37796238
50096783
52110766
71148647
88634036
16651822
67498701
46007314
22680479
83296373
64720485
91054214
71969990
75097081
60437380
73859542
21286805
59516491
10491455
37083663
40265771
88484995
41167628
27208951
79771220
36478792
75027032
65439991
14197428
31480893
75134016
82440425
56424937
31198185
53167389
28335572
85325911
88103613
11466325
87942338
19853870
91612255
66105366
31587985
59407526
76373345
87817396
88463448
70784972
59317047
86226942
41255082
38813977
59384564
61803239
18222397
56776044
23150830
41562528
47795239
44184173
79536303
43915471
32171506
20671561
76311281
16544986
82375173
90061703
75969357
81901738
11555290
25725268
74340275
29230350
44764734
49386822
41602201
17414303
41308228
45006862
71461112
23826353
97230075
46590610
14782921
45953707
71620097
40856855
45663628
23088511
74299864
83622188
68425090
47125760
48480056
32942260
60969761
33487840
53492563
73237796
43421344
77501740
90546203
69440532
92995595
73742919
16470416
68666930
75708616
61818889
87085637
46470991
83392075
56610406
91317992
12927108
85596365
40404645
88526934
50025101
15349049
65598766
60430370
33153608
79870657
52754903
45477368
39001505
70068597
35722926
33067848
54202646
78201711
92738721
38255749
38879465
60361141
96285887
62831800
64038643
91538233
66209964
86908361
39861606
49288131
75216581
13768712
58263604
86610757
22563648
49367461
96241498
76300719
38309102
93325628
54127029
91331314
52105146
78028858
36827525
19865341
84171921
10198908
18919676
48790377
46908420
44071232
39118550
14806229
68595115
52401499
48345864
36711624
42897309
79716379
50190527
20528240
31229221
17889054
64332515
94631984
31660845
91937964
63493195
65924940
58256954
81587605
29303937
54808766
77945753
49688436
10429953
85051695
61783376
23697544
21205146
46473782
15506592
97982149
19190502
55855767
22914416
11045920
46509980
82321771
13316775
13382513
93208822
13211599
99080678
40699765
16745779
45558824
31732851
15471810
68832666
36739392
67441833
70328943
13242205
92826182
10144153
37547360
39733943
12126056
57002186
97374566
90251970
34278150
37884037
84726635
71065714
10504239
83119697
79328791
71245810
74611918
99607162
76708000
27394484
52722066
65628529
22412972
39227719
58149587
37222778
40731353
49155495
47038150
70293177
88996204
91027705
69898590
49515656
32485870
89357222
12927761
87231108
87663215
34842615
62329315
92397105
99501225
13462504
12025685
36256760
10307838
33804348
94335818
23649781
48461872
89490398
26614165
10631843
35576076
68113662
29418998
22381855
24990644
60948096
37858578
68771623
73148124
56036136
60294067
45561548
57395042
58011628
73214946
76214091
42860314
77602945
54310577
65140195
46239623
57748885
22243064
39414845
68234136
93616084
45546750
25941471
81963951
66461465
14315107
82307582
65611751
95515974
77105403
80317568
79842100
97570856
35733607
33931078
94755705
58153615
32117026
42057266
55708377
76138073
30386205
96100908
61431051
10456141
16647009
35510372
34169477
33537028
97383949
61650950
26896094
90942815
51098586
86432118
63839376
19718407
42629150
88694723
41703305
64134917
98859113
13928418
15130649
90393399
87101052
50427649
78376408
82047795
41671369
93793884
48739901
51609700
48168858
17693869
74344279
52729309
95512186
44744177
48443966
15442970
43353237
21008501
21209429
23602034
43539939
82251965
58537844
78476551
35464733
32772927
73009916
10508806
25793959
87747785
17246945
61130251
18784376
14128856
59599370
54877952
59027324
75954533
99531022
85933874
62675634
99558655
72081058
36143230
46196059
39754825
76622759
95418252
53331904
24894338
36091295
73220384
76693529
85498955
33411388
75474366
83539694
25833641
53401522
68501818
37002840
30579722
34768481
29946055
36068098
16374247
22069365
47806813
63558480
41400700
18372708
39750673
67659447
67371467
96105432
70566684
70449982
83687872
92186681
48316080
21004671
52244035
76533105
42992373
31284470
93315331
21518183
85267080
89898183
27832641
37866370
20426864
87331725
91620350
40790557
18110555
35513872
58601705
36548688
85052252
68934564
91834334
56491282
98227175
98922837
63596100
73037645
36164869
79366387
85126214
63480988
39831175
26619069
49825460
56779790
46381397
82029298
32189565
25001777
66415681
67543160
75982215
67998519
85930883
48513876
84251104
50050117
99908111
67790692
74813669
74684123
57115158
21048955
39933878
12575368
80069406
77459973
86608610
20505359
77167178
51060674
88965975
12552502
16224650
56517427
33914036
55789636
27802186
54043759
50161644
85342614
26334723
20683420
82328110
53644155
29251129
71709362
67537634
57872495
69947745
81361849
50421295
16649490
73111729
47624114
63834008
81632217
20819768
32710066
97416001
75809122
65743189
79239015
43591065
71997939
71968125
15587338
60705643
21087347
16858334
33636920
73027444
45193094
35272786
59421894
84922530
87692193
42098887
93396838
26013750
47347357
63570808
28268097
95501585
23760320
84684393
40591397
49693572
47185022
22936433
60756270
60067844
54723708
10266722
85794823
53460218
93381894
86046468
87395535
30359990
56974904
67848602
36570635
12090206
29780522
91448597
14084718
89902314
83283645
83376734
66054540
24378970
65488969
73952343
90678255
39378215
45560746
69872343
75416791
45313027
33889527
67696133
21788570
80063265
29941023
82487274
49706943
48205812
24071047
69999951
11376541
82114819
87190705
47071597
88869988
63007019
28283109
55439293
90074701
38706022
11788840
94765673
31926221
71919929
11814898
35211833
77834612
84745643
22417870
88396235
67266977
11231025
82869901
60336883
56430014
76475289
62608041
25951357
71367114
30067291
13982064
60018351
22941108
99148643
68586912
46985372
49669225
82855278
23818225
33599909
70496608
57658785
42376751
90466761
43058892
15182461
88766710
38680450
43586722
58882560
24555354
23598800
52614712
64131529
18732392
71624750
46883067
24878475
21423116
83002012
92143004
92892551
43734753
83606377
94532357
41733826
44687325
22497007
45922689
96095673
86679373
22648336
26319770
45464400
72303581
27343442
68712981
53260295
13890703
93668210
33927685
19920805
63904799
61243744
95222338
12335890
72125618
93527931
41608097
59328181
93886735
55693008
18517269
59175643
17540707
56764140
54213817
91064111
81007283
33149423
15401722
23060387
28753538
38565199
44225727
27611202
47004897
57815213
21449952
65709075
42919093
18172435
75092923
29503137
47148134
98151901
38352551
55995660
34555747
14858494
98052297
61309550
65244088
22735523
43789970
58598311
81644322
53380837
78363764
84418658
14470441
22209903
35429058
55156710
94481934
36418690
70814535
21266544
23977565
39764099
18338565
77779960
85228755
90191946
99983306
55006844
13396588
95289572
29459224
58732053
62995416
72411439
47117774
88502153
52990016
95606849
71966351
78823834
45423308
83160724
18047556
39000287
29890098
13148342
65176361
41788448
50130992
36626375
96440197
39053244
79582491
97451703
50518544
21626771
46914442
80934690
46821528
10598278
64252867
58003405
40390666
96088811
68220687
85586127
48639469
36228050
34913441
12697539
92726083
45785402
10713249
28076899
29079075
65040221
33724985
62662311
48626864
44930822
35043018
19237703
79230881
56933081
20812783
99463531
20466247
97504159
99626158
91643839
32472447
88751543
63297571
42482224
90687573
82796954
59435942
44512551
66036183
71906435
11896165
52239481
55227936
82211587
84719493
33672168
18281107
96527628
50837853
12824069
80530863
19930151
95031636
36355081
69264790
26817462
42463909
87241029
51764453
32687427
48051255
78806049
39809607
26822756
55847189
72493269
12010215
47612270
53392603
39857614
16598066
76954860
61232799
90224282
63681050
45749498
88774885
11691815
20735469
57114923
83371866
57197256
16139957
61631019
60938536
46500233
22681969
48403701
43685809
49330529
25373811
86897571
74287696
40924332
55345272
95546176
84381420
83836929
30298060
83882332
53463811
17761642
20242931
18091728
26146905
40545068
35207486
16788906
52382241
99528010
89559272
50539018
84403915
92376412
10674965
26257167
91210212
75998044
80946778
31533009
78654625
12553302
34419745
48975572
44961345
36510391
71329863
63359877
58659575
84843792
72363472
80621962
12717434
37767285
70341542
84135833
10486826
77201160
74339202
38303172
62170375
54281177
89556612
21850075
50887567
16954357
58067973
47093475
58638764
42612461
59593378
54566502
73809109
11474711
69495251
63158533
92740281
40306359
37653077
79043147
11357348
23498721
67361322
83187870
90969053
47406749
64017367
82394415
84276764
22417896
85223766
14238986
60124601
30980738
92529722
21039798
24050393
50382760
76720502
59863607
89602250
26518337
36442409
91268793
32669275
80691538
66141222
43801162
65762349
58229199
63590415
15350395
68102546
74580245
72575153
87768420
99314894
98991313
93961627
44835983
53857282
57889362
56604393
66364320
10494596
87091761
23228036
59642292
76895049
94381284
94788462
41686500
49462051
69708677
19149657
23905182
77773751
53509092
84243762
46257240
29924894
36458999
98714664
28888734
66086869
62975760
54190755
85106023
12879898
49306511
79911858
18349530
89713513
84348436
78364663
91472477
76288964
15114983
70935235
92784919
15936730
65469268
95731757
66612214
81654733
61052791
25243480
77230921
78214783
83637626
55935625
54174297
26244599
12508755
90359097
60041625
34308573
81861755
35100214
74367574
71734190
53346287
37402301
86992533
44240733
30642721
44226290
80713057
58732577
12234821
82795733
82131867
27434176
29135313
37483983
24277383
67918425
36640705
11333717
81491043
36931655
44057156
69607506
67650585
58547070
13347153
58333643
73483508
66100388
35468322
88465450
27984307
56739633
94433195
39751854
12831750
75705224
59355231
50598507
17958423
23692173
10904686
60935170
52370290
38061613
64278476
98365017
55184354
44734142
37756156
54606457
54915133
43350421
20468626
34862537
67424932
31607039
87747702
34839627
47760920
80559745
14945652
29252848
66975470
68133862
36293216
12243552
76206926
35097574
37682654
46627301
46889541
75797247
98235177
54482965
85041936
47254102
53242064
35346086
88078968
67602886
72927423
30618524
49065884
13219498
99450384
28195614
67808279
30246562
93608281
24167213
76973457
45156015
35904781
54236352
77800853
55074362
96726326
77332096
91774778
63461081
48551349
85532105
30470683
41162647
61481144
36179034
45748839
63948686
43478198
52852508
97307761
24049607
38947873
71870665
18258981
13990395
17142377
65151057
48975284
71543150
44413856
25268375
42521355
28395250
97984938
18537898
89451529
60460153
56991752
47464328
21196695
93405123
12801632
27198274
99318812
28435303
64788959
41968075
24411541
29902531
11545524
82802034
58026719
82039162
75368879
40883185
28547533
59005873
44153819
27830799
57977193
87266648
83612481
38911291
86520441
78361647
87043207
91745415
73922451
93851877
64166822
67972360
70642527
38538696
95814039
39658454
91977886
91560655
15969593
67276025
58136243
25316980
79479396
17668330
45369097
95317493
41680653
24314613
84312148
22704807
45383454
82774870
30362581
98824589
17357098
95875571
61434614
39000579
83713526
55799011
14095903
29944675
39407049
66868645
54562253
61522050
65202475
49818901
75772361
41475899
21101121
15633796
40168165
75070676
82817472
81018732
26681783
59962781
96102559
87046867
58591932
57000435
39481945
82162566
30883776
26352792
52715274
44866173
24120529
58691822
11603711
51203965
91722561
56285713
38694901
67674325
46590703
46844810
66275000
51528999
75693791
65967701
48208967
32576199
54601062
29115404
64151660
78343404
30211434
90320798
77897717
74168676
34680253
48857663
21523485
24484345
49665025
95719852
35235761
64431246
13273880
24157061
16185841
30454024
62385737
92375701
34049566
14996961
44260907
15442168
92580863
62178959
79153994
83589418
83996724
55984816
33623356
43315831
67949244
11403135
81613423
12665753
31731298
30098163
16429697
68576548
34643039
33824399
55545176
34136058
36632284
95865241
25973660
28432402
32613629
14997744
48357661
15711790
62345693
12949096
42902649
73652129
62616353
15570314
63645332
84680572
53773245
14751859
60887022
58735161
80409372
83581579
83290250
92926887
88809382
70222283
40704082
37353705
45050209
94390720
83603188
78867654
25899917
33980164
64607499
37342806
60657102
94591740
70819974
91688579
70273206
65602260
22969154
60923787
49556884
32827560
54671806
18286631
84351248
93357428
54529508
72419974
59801009
92989826
97446869
87661980
70192173
85494481
83381103
67958534
59262315
38885312
17595328
85170292
27605604
17922730
28653502
45905741
61147973
50655933
98349464
33248352
26686391
26407086
64385267
46485736
73633158
14946216
20333153
87559342
92658956
14178688
78253777
90719882
38762424
54699979
25591922
27409270
29612640
68826745
57530442
77331115
44555477
32176576
90769559
92567745
40855390
11137565
57758622
77736883
96398948
43491716
24079806
94654697
47827392
88699569
63597846
72628469
75023575
32387145
17974105
86364220
89307360
30872925
65857380
10210541
99366993
85569008
28241333
35328320
23874117
80126539
68277508
55701832
71688521
89765751
53109190
11546860
90124514
16794102
32492512
27435584
34351066
16799425
80371273
72142450
70281045
23344520
24602290
34912970
71689934
87297943
87638003
17840924
60527103
54480576
60951437
38451996
94531440
72813510
91355216
94625950
20664703
13602473
42514341
95396267
59499462
11629364
14711894
76212541
58679912
43022886
10603098
75555675
92897787
97470341
19586512
44853466
83981698
18198804
51416101
55999783
42364311
89501111
64540501
63461174
40478475
41104593
42202259
29608810
81914150
26953947
84309182
24438009
75734776
36595169
93374524
50490747
33895063
79457147
91561817
95261271
51235772
21100239
76380555
18159442
56917408
70474213
71162208
33191714
74951446
30184908
33969819
18521152
37932972
24361355
98377006
16487605
64117543
60911742
23353021
93228773
36178706
83493928
92274723
10610730
33855142
14564016
86122296
77151442
57183205
92840931
37183249
90858650
47700964
25305087
33397671
43018003
40718752
42356205
78165216
53300942
67426567
43249155
72404574
89535103
67915441
51820609
49026536
17327766
66212663
85555448
83939518
39343635
85569432
69168202
31707845
40132034
67189233
60914293
95263780
83200552
65933182
88583019
93237621
44022135
64920993
83883176
68563460
72355599
51983537
12672140
85542630
75377161
57250154
62918839
76090110
98881853
15742354
66063359
27510189
54514312
58358542
45857636
29785367
71823730
47706329
34497600
83863546
84292630
72412190
60469213
65473243
35762269
39365186
66649848
20286659
54655065
79354581
98897919
28905708
55771321
34291403
82078992
99578181
86812040
51633980
38096483
89047582
75367353
72240615
41986169
69409294
20069551
74098166
41747603
69438143
45872949
81160263
68931388
76249570
10895008
68775573
31479657
49576390
73599436
10361881
26576380
68399659
94394535
71381214
99572184
65879295
14043094
61669987
56366806
63996990
19461143
44763435
42836238
42010405
34062497
38954754
93150818
95302387
72271232
88729412
38900382
33290032
50764260
95734192
36104191
96265593
13865112
88226236
39969476
15643019
73022111
56519801
72158600
68477389
90433579
67215701
68919880
64361133
23663673
85061215
78428476
26237535
49810533
39695836
48495972
29345753
29980082
78278688
53217443
58447874
89747912
49877915
63445487
44606947
62391606
64134162
61856776
45343630
67358139
77615069
62186703
68765826
31361760
80976280
85222081
89870062
45677533
88159959
81862792
20551801
33964800
62576804
86073358
27366032
79526202
41278143
31614698
49938969
25827054
71486839
54068180
69340377
33150295
83987408
79276574
96775582
74561442
16832417
33016239
30617989
23206618
26400194
87049612
84243300
93211140
21758094
94608969
54683276
79393300
58259401
85563232
80866913
36196939
55173249
17358106
64626028
22513708
22456257
33907641
87974478
80532959
86765390
25477881
62945493
99417912
42546951
36291606
39713158
48564594
80608396
18078676
63973126
19288988
41775049
77535980
75255652
45929024
47654763
97728827
74258169
13315353
34305873
35981838
46104559
75756421
57000344
47666251
22895288
19279532
85507672
77669038
25646359
85199648
13371104
47332257
70993779
70814040
58747805
54394739
98874097
93300764
40025247
82916948
24100464
62435614
54134973
77933483
77472102
73779162
16895573
78088721
80009642
74956968
86860739
11671072
65215817
24442905
53736072
50695302
60101241
28692241
38192515
57350542
13009244
53512303
20667493
32418771
20745702
85310694
10568379
17173165
72428153
75831622
92968962
13662625
92470261
61223210
13360480
14733274
31935581
74376680
19835379
11706583
68915760
34731834
79631736
81155307
45696893
12440745
93551099
77454830
51648922
74598650
65493933
39523174
42389926
41672990
68768333
32276888
20123579
49876181
66589713
56325963
78654126
25595925
10192918
63685999
52461280
78556797
68275645
72617457
67747735
41523763
95866420
59139040
39596926
71976529
70589061
75292280
46418553
41781922
74965179
46243330
95723313
31742835
53317522
91783500
21111873
36361935
57418634
91436593
92575752
18757666
13168701
98850043
41792391
98340048
35852547
65780169
82054537
18116365
88121250
89296687
72826403
23144153
34165746
66641644
97028455
25073294
15675633
25458898
78665230
85046767
37304970
29151894
67075987
20347655
92718680
54243490
99124428
33752716
50793947
20332037
40668085
77862022
90869545
31693226
67206270
45458930
75035556
12835951
68842741
80751888
54969427
27163591
32478558
67893354
70634577
90339884
28509882
44969762
10839425
43468707
37732830
14932933
70972849
64792772
60274105
66819735
13186543
53864013
31673719
52162387
26256844
50869372
57854515
14656407
92028426
28441627
44860209
68886180
79560343
33928804
89142988
53182904
92144414
27089174
11938235
96452151
49827582
91774243
12950170
31820282
55040716
27045212
94519651
91519055
49922236
98918563
57553383
77047529
50851922
78923852
28841501
16641250
99410733
73162207
36901491
15837307
80771497
20070553
28786559
73911419
68541041
70576843
88833451
49439398
43902119
91628248
60622585
90062124
29056792
31012443
93719386
67833750
43062480
94293971
35965840
60992567
19354012
73087518
78607733
25121494
69266570
12656076
37255903
28327638
52223609
53755835
13454305
49758714
76353212
18230237
98271379
99906681
61986135
93295258
98850536
55740093
38401473
24791490
45036406
21181755
97777800
75508922
58440097
34337487
70905399
77425636
67715177
89595712
30702929
65067017
66488430
97200784
71293146
56949147
28930558
21443228
76021980
90897120
33398887
64223500
98245600
18272948
12485081
34130494
76705340
73344994
41881400
30944720
72700629
58623136
97411460
87470245
53993137
84954118
66517010
17428782
60044806
25271652
92142614
20281041
48112712
26234042
77957262
34986990
94133533
82361290
74599376
38751794
74089118
30481657
47163748
57581464
35004545
52056268
18712995
99069591
36764027
23807873
98415695
21297344
23995968
36895640
47847101
70423332
79940268
64000094
24171272
25037988
54697199
94952048
82393537
32373008
11328551
67458064
43940506
91203949
13273452
52601057
69234400
59549140
88734417
60711980
44591072
34848421
95325739
17205239
95871942
33014710
15181126
43698990
51094689
25119573
67236007
71938747
78657231
33603681
70644183
77231540
51956828
41295363
77906941
96103868
64143742
48651252
50261347
80496006
80859296
67055523
55649555
53529713
47934552
60094878
16755997
95921579
33050114
35906734
29737064
51443424
96827405
37504529
48127080
20193791
88512361
65307522
28847910
48307057
52091686
15329947
48035452
41464213
11458945
83445498
97822865
23056314
45967743
98066867
39441020
20627167
47569380
25394383
38389274
10611119
30441153
10715342
32208344
91376421
29964643
12103655
98636576
68697762
99342062
29073176
36436091
91556817
86381056
52107540
61115599
11300668
85500094
59604509
99449069
41399251
89120854
65101474
60881598
37668004
24729137
61672953
73403182
86600453
76576228
22215387
13323274
43259799
41166724
23904393
52737974
65972936
54250460
25379766
16362393
46638606
32756143
96073190
44538899
58778169
92129158
39103277
20617235
68520444
20038507
20747122
27149647
27077694
75901770
31688415
61804036
75805564
46977988
70607259
67973897
59566760
64846404
75764465
30629476
13649733
91806457
52621456
38460429
54563812
34148987
88994516
20017563
69079821
37888722
89127071
87565658
28357316
53297833
96508695
25875048
24860180
86601371
73413901
65107592
69057832
26616678
95342522
24901101
25739993
95774904
35629521
68068345
91332712
17822300
62371825
31774634
47867683
85037666
30869918
78740617
62838783
74003409
35641388
62603065
21561618
37417608
93596777
58720908
18491713
29501474
45553360
25281701
18698326
67358418
70292691
21146372
67413375
24552794
14631662
91362759
59203084
44027395
61111838
53476287
49773060
36140299
22044038
92286970
87372598
50066707
70111535
27423863
16259475
45546634
55893855
70286315
44602039
85177074
46207849
51888076
12352758
12020268
14919311
39082394
62838712
32676816
70533032
51163612
48213175
87689914
82475813
97855311
98099070
93414194
81247162
87659952
29415368
23071432
96559435
69441390
89334349
95758377
62716992
65161514
77827704
82630063
16130117
14043808
13943582
96842979
84637714
23509119
22856066
18179027
40685348
22421316
93029788
88051372
68039528
23142998
92579635
95490436
56277323
22269893
74284975
55773306
23556385
22616666
18644960
64031767
52855956
41484162
90387160
78013996
37986827
61690879
14337855
86286128
22559340
93289694
68451614
50782809
47985229
17148173
29609720
61268360
84629355
57185316
84114240
51905094
54355818
70891121
92812875
15779163
17612980
17254658
41050619
97268006
86397177
36385141
85849178
78352368
78197915
94248393
32274485
49996956
49133858
93802973
47621386
56495478
18915391
68497758
27814201
20470907
97509394
62107329
30842786
79280329
60653748
72063519
15358936
73904976
42695315
79599015
12093020
12988277
75193689
59958977
19569195
56249707
72704243
14289993
23444387
16132637
91689610
77799603
88094716
64625103
83673976
55868214
42745913
59050509
99424656
41516974
41539826
52246258
46789795
48637032
58555362
46336312
12697884
53305953
70458705
39713147
46919253
68863931
40257384
81854931
26498087
53357744
72216584
71185035
86322147
45924962
98947347
26237575
82856949
91275462
52781765
78506654
35087992
24456008
97185187
11362012
57705602
81230682
18973479
38648093
41432197
62620497
70345141
35921901
36932013
60029111
70223562
26465310
99293275
63407807
46162950
36228689
64295893
67200501
88370442
60983340
72584570
65184215
75747354
79947661
79453819
15294941
53520272
95277390
74449497
38515034
34536141
20874307
45327918
81178263
64051018
56689071
31435604
21756077
15306623
12291384
67020253
74892840
23522630
65123869
74841661
12032807
57621555
11523397
18019429
63882647
18614440
68119019
21739133
43837283
46108963
43978485
53954968
35180343
82935921
12616960
29134678
92951702
59716868
64075923
32777657
93677673
82852958
85602932
16572149
72608119
74105837
73980480
75547423
49114990
69966987
43688613
57497966
90447667
18139554
33736235
23897967
60701765
59269974
14274041
52499751
43892108
86929526
12970112
56378383
36226950
27365504
37788246
65835355
14598312
15608338
87804776
19949902
94168039
17971371
50808838
22728909
52220070
21373222
29498848
77427519
46931061
68921762
46550585
19223994
20337761
17704137
20757388
41229835
14796623
12222431
99896545
79251882
65243829
67867997
53867386
46942647
37830536
67775559
18171197
24951282
83217280
11844963
54921425
34046475
80418743
16089480
79625180
79087096
96833253
90943582
55556105
82387816
11623638
31181242
72610761
97354963
58058446
24868222
90949616
46156470
39003675
81173526
15467905
91689233
43613823
95439776
92344449
41681677
25836786
23153013
11851631
30630000
54966201
36565987
75552708
98652631
68475338
81429221
72363953
24492583
